15171
27003
4756
16213
4606
25635
23148
10265
4476
2275
2584
12630
9548
8886
4502
17222
11100
18051
19616
18474
29233
29055
27820
9116
30785
11180
19705
921
26853
20695
31523
20485
11368
6854
28976
17786
4787
2219
9750
12597
8979
4381
17403
20733
12668
725
18284
12591
18102
12911
26304
28965
23293
27556
32141
29308
30949
22224
16033
30088
27381
17294
29856
25264
14116
21783
7550
26132
24836
2102
20954
6609
9151
9505
26460
3081
21155
27515
6945
28907
9848
22783
9059
31287
3741
3894
30320
26896
16916
25017
417
15618
4452
29288
15683
14931
23466
14509
17030
5448
